A = [3.5466 9.9215 7.9989
    3.1446 9.8434 7.9981
    2.7882 9.7659 7.9973
    2.4722 9.6891 7.9965
    2.1920 9.6128 7.9957]

Is1 = [2.7731    2.5720    2.3936    2.2354    2.0952]'

Is2 = [1.1921    1.1843    1.1765    1.1688    1.1611]'

Is3 = [1.9843    1.9686    1.9532    1.9378    1.9225]'

a = A\Is3